1110 10010110 0110100101 1110 10010110 0110100101 0000 0000 0000 0000 00
     1 0 0 1  0 1 1 0 0       1 0 0 1  0 1 1 0 0
     F        1               F        1          
1110 10010110 0101101010 1110 10010110 0101101010
     1 0 0 1  0 0 1 1 1       1 0 0 1  0 0 1 1 1
     F        Off             F        Off



00 00 00 3A 59 AA
A9 56 66 5A 56 E9
66 AA A5 59 99 69
58 00 00 00 00 00
00 00 00 00 00 00
00 00 00 00 00 00
3A 5A A5 E9 6A 94
00 00 E9 65 AB A5
96 A0 00 00 00 00

000000000000000000000000001110100101100110101010
101010010101011001100110010110100101011011101001
011001101010101010100101010110011001100101101001
010110000000000000000000000000000000000000000000
000000000000000000000000000000000000000000000000
000000000000000000000000000000000000000000000000
001110100101101010100101111010010110101010010100
000000000000000011101001011001011010101110100101
100101101010000000000000000000000000000000000000

1110 10010110 0110101010
S    1001     01111
     F        Extended
1010100101010110011001100101101001010110
1110 0001 0101 0011 0001
2    21 (30%)  3    1 (preset dim)
1110 1001
S    10
0110 01101010101010100101010110011001100101101001
01   01111 1110 0001 0101 0011 0
010110
001

1110 10010110 1010100101 1110 10010110 1010100101
s    F        11100 (2)
1110 10010110 0101101010 1110 10010110 0101101010
S    F        00111 (Off)


3A 5A A5 E9 6A 94
00 00 E9 66 5B A5
99 6E 96 65 80 00

001110100101101010100101111010010110101010010100
000000000000000011101001011001100101101110100101
100110010110111010010110011001011000000000000000


1110100101101010100101
S F 2
1110100101101010100101
S F 2
1110 10010110 0110010110 1110 10010110 0110010110 1110 10010110 0110010110
S    F        01001 dim  S    F        01001 dim  S    F        01001 dim

= 0xE9, 0x66, 0x58 tail=22

F1 STATUS

00 00 3A 59 A5 E9
66 94 00 00 E9 6A
AB A5 BA 5E 96 69
40 E9 6A 9B A5 AA
60 00 00 00 00 00

1110 10010110 0110100101
1110 10010110 0110100101
S F 1
000000000000000000
1110 10010110 1010101010
S F 11111 (Status)
1110 10010110 1110100101

1110 10010110 0110100101
S F 01100
000000
1110 10010110 1010100110
1110 10010110 1010100110
S F 11101 (Status Off)
00000000000000000000000000000000000000000000

F1 STATUS

00 74 B3 4B D2 CD
28 00 00 E9 6A AB
A5 BA 5E 96 69 40
E9 6A 9B A5 AA 60

1110 10010110 0110100101 
1110 10010110 0110100101
0000000000000000000
1110 10010110 1010101010
1110 10010110 1110100101
1110 10010110 0110100101
000000
1110 10010110 1010100110
1110 10010110 1010100110
0000


0000000000000000000000000000000
1110 10010110 1010100101
1110 10010110 1010100101
000000000000000000
1110 10010110 1010101010
1110 10010110 1010101010
0000000


F3 On

0x00, 0x00, 0x0E, 0x96, 0x59, 0x7A,
0x59, 0x65, 0x00, 0x00, 0x1D, 0x2C,
0xB3, 0x74, 0xB2, 0xCC, 0x00, 0x00,
0x00, 0x00, 0x00, 0x00, 0x00, 0x00,


Status A1

000000000000000111001101001011010010111100110100
101101001010000000000000000000111001101001101010
101011100110100110101010100000000011100110100110
101001101110011010011010100110000000000000000000

000000000000000
1110 01101001 0110100101
1110 01101001 0110100101
0000000000000000000
1110 01101001 1010101010
1110 01101001 1010101010
00000000
1110 01101001 1010100110
1110 01101001 1010100110
000000000000000000


tx stream dim choppy


000000000000000000000000000
1110 10010110 0110010110
1110 10010110 0110010110
1110 10010110 0110010110
000000000
1110 10010110 0110010110
1110 10010110 0110010110
1110 10010110 0110010110
1110 10010110 0110010110
1110 10010110 0110010110
00
1110 10010110 0110010110
1110 10010110 0110010110
1110 10010110 0110010110
1110 10010110 0110010110
000000
1110 10010110 0110010110
1110 10010110 0110010110
1110 10010110 0110010110
1110 10010110 0110010110
0000000
1110 10010110 0110010110
1110 10010110 0110010110
1110 10010110 0110010110
1110 10010110 0110010110
1110 10010110 0110010110
00
1110 10010110 0110010110
1110 10010110 0110010110
1110 10010110 0110010110
1110 10010110 0110010110
1110 10010110 0110010110
00000
1110 10010110 0110010110
1110 10010110 0110010110
1110 10010110 0110010110
000000000
1110 10010110 0110010110
1110 10010110 0110010110
1110 10010110 0110010110
1110 10010110 0110010110
1110 10010110 0110010110
1110 10010110 0110010110
1110 10010110 0110010110
1110 10010110 0110010110
1110 10010110 0110010110
000000000
1110 10010110 0110010110
1110 10010110 0110010110
1110 10010110 0110010110
1110 10010110 0110010110
1110 10010110 0110010110
0000000000000000000000000000000000
000000000000000000000000000000000000000000000000


tx stream dim

000000000000000000000000000
1110100101100110010110
1110100101100110010110
1110100101100110010110
1110100101100110010110
1110100101100110010110
1110100101100110010110
1110100101100110010110
1110100101100110010110
1110100101100110010110
1110100101100110010110
1110100101100110010110
1110100101100110010110
1110100101100110010110
1110100101100110010110
1110100101100110010110
1110100101100110010110
1110100101100110010110
1110100101100110010110
1110100101100110010110
1110100101100110010110
1110100101100110010110
1110100101100110010110
1110100101100110010110
1110100101100110010110
1110100101100110010110
1110100101100110010110
1110100101100110010110
1110100101100110010110
00000000000000000000000000000
